<?xml version="1.0" encoding="utf-8"?>
<opencv_storage>
   <camera-matrix type_id="opencv-matrix">
      <rows>3</rows>
      <cols>3</cols>
      <dt>d</dt>
      <data>1776.0757935533177 0.0000000000000000 593.1608753848399 
0.0000000000000000 1777.0754835391995 576.7485335046208 
0.0000000000000000 0.0000000000000000 1.0000000000000000 
</data>
   </camera-matrix>
   <distortion type_id="opencv-matrix">
      <rows>5</rows>
      <cols>1</cols>
      <dt>d</dt>
      <data>-0.0537507372821181 -0.1537857386641293 0.01267888434627121 -0.006704340819320734 1.6198006115379897 </data>
   </distortion>
</opencv_storage>