<?xml version="1.0" encoding="utf-8"?>
<opencv_storage>
   <camera-matrix type_id="opencv-matrix">
      <rows>3</rows>
      <cols>3</cols>
      <dt>d</dt>
      <data>1327.0692631606987 0.0000000000000000 671.7800983359273
0.0000000000000000 1320.0571036113945 478.0566578111045 
0.0000000000000000 0.0000000000000000 1.0000000000000000 
</data>
   </camera-matrix>
   <distortion type_id="opencv-matrix">
      <rows>5</rows>
      <cols>1</cols>
      <dt>d</dt>
      <data>-0.04010040327815086 0.007023325535803225 -0.005693711621591857 0.012621494727574603 0.40683313355357487 </data>
   </distortion>
</opencv_storage>